    0.0069890766064581        0.0006413932933468        -0.0002531003154758       -0.0000171178355774       -0.0002963075221525        0.0002022902405759       -0.0159895621406843    
    0.0006413932933468        0.0004153005766106        -0.0000095270975111        0.0000031214269750       -0.0001168101118305        0.0001985956806818       -0.0058604313128139    
   -0.0002531003154758       -0.0000095270975111         0.0040024403587488        0.0004930456160819        0.0014765900023639        0.0002293781790294       -0.0008574110294322    
   -0.0000171178355774        0.0000031214269750         0.0004930456160819        0.0002005527684335        0.0000687800963826        0.0000790533008177       -0.0010536199880985    
   -0.0002963075221525       -0.0001168101118305         0.0014765900023639        0.0000687800963826        0.0156006040032603       -0.0007383922527412        0.0013126117616320    
    0.0002022902405759        0.0001985956806818         0.0002293781790294        0.0000790533008177       -0.0007383922527412        0.0022199002689401       -0.0034661569228321    
   -0.0159895621406843       -0.0058604313128139        -0.0008574110294322       -0.0010536199880985        0.0013126117616320       -0.0034661569228321      889.1102034833218113    
